x	Curve1	Curve2	Curve3	Curve4	Curve5
0.04545	0.99951	1.00602	1.00087	0.99667	0.99892
0.05038	0.99892	1.00472	0.99979	0.99555	0.99765
0.06024	0.99775	1.00212	0.99765	0.99331	0.9951
0.06211	0.99753	1.00163	0.99724	0.99289	0.99462
0.06832	0.99679	1	0.99589	0.99147	0.99299
0.14898	0.9861	0.97831	0.97589	0.97087	0.96629
0.16377	0.98367	0.9741	0.97119	0.96625	0.9598
0.19335	0.97813	0.96525	0.9604	0.95551	0.94556
0.24758	0.96501	0.94669	0.93674	0.92823	0.91619
0.25466	0.96296	0.94393	0.93334	0.92393	0.91207
0.25744	0.96214	0.94283	0.932	0.92221	0.91044
0.3018	0.94745	0.92304	0.90874	0.8928	0.88211
0.31906	0.94108	0.9143	0.89868	0.88116	0.86968
0.33138	0.93634	0.90774	0.89126	0.8729	0.86046
0.37329	0.91928	0.88398	0.86518	0.84508	0.82841
0.38068	0.91615	0.87968	0.86046	0.84019	0.82273
0.4004	0.90766	0.86824	0.84776	0.82715	0.80762
0.42505	0.89684	0.85404	0.83178	0.81078	0.78893
0.43984	0.89029	0.84565	0.82225	0.80089	0.77789
0.45963	0.88148	0.8346	0.80963	0.78754	0.7633
0.47681	0.87384	0.82519	0.79874	0.77584	0.75077
0.48914	0.86837	0.81855	0.79095	0.76738	0.74184
0.51625	0.85633	0.80409	0.77383	0.7486	0.7223
0.51872	0.85523	0.80278	0.77228	0.74688	0.72053
0.59513	0.82099	0.76088	0.72368	0.69291	0.66658
0.60252	0.81762	0.7566	0.71892	0.68759	0.66155
0.6321	0.80401	0.73897	0.69976	0.66634	0.64171
0.64596	0.79753	0.73051	0.69072	0.65654	0.63249
0.69126	0.77578	0.70267	0.6611	0.62627	0.60221
0.71344	0.76483	0.68927	0.64672	0.61255	0.58708
0.73563	0.75372	0.67625	0.63253	0.59925	0.57155
0.76767	0.73745	0.65829	0.61256	0.58032	0.54899
0.79503	0.72346	0.64359	0.59621	0.56395	0.53079
0.79725	0.72232	0.64242	0.59492	0.56258	0.52939
0.80218	0.7198	0.63983	0.59206	0.55952	0.52633
0.86134	0.68994	0.60949	0.55913	0.52241	0.49328
0.87859	0.68153	0.6008	0.54987	0.51331	0.48451
0.88599	0.67798	0.59708	0.54592	0.50959	0.48084
0.90324	0.66987	0.58843	0.53675	0.50111	0.47243
0.93789	0.65432	0.5713	0.51868	0.48453	0.45612
0.95501	0.64705	0.56303	0.51004	0.47635	0.44831
0.99691	0.63009	0.54349	0.49007	0.4562	0.42969
1.00677	0.62622	0.53907	0.48566	0.45152	0.4254
1.03142	0.61665	0.52829	0.47509	0.4401	0.41478
1.05607	0.60714	0.51792	0.46501	0.42932	0.40436
1.08696	0.59506	0.5054	0.4529	0.41691	0.39163
1.10536	0.58767	0.49814	0.44585	0.40995	0.38424
1.11276	0.58466	0.49526	0.44304	0.40722	0.38133
1.15713	0.56649	0.4784	0.42634	0.3911	0.36452
1.21382	0.54451	0.45764	0.4054	0.3705	0.34505
1.21629	0.54361	0.45676	0.4045	0.36963	0.34425
1.21739	0.54321	0.45636	0.40409	0.36924	0.34389
1.22615	0.54007	0.45323	0.4009	0.3662	0.34109
1.26065	0.52819	0.44105	0.38847	0.35485	0.33037
1.35186	0.4994	0.41057	0.35851	0.32837	0.30389
1.35432	0.49866	0.40979	0.35779	0.32767	0.30321
1.37888	0.49136	0.40218	0.35089	0.32058	0.29649
1.37897	0.49133	0.40215	0.35087	0.32055	0.29647
1.38636	0.48916	0.39992	0.34889	0.31835	0.29449
1.47264	0.46503	0.37646	0.32803	0.2941	0.2736
1.47757	0.46371	0.37526	0.32692	0.29298	0.27254
1.49729	0.45854	0.37055	0.32251	0.28877	0.26843
1.54905	0.44538	0.35877	0.31115	0.27873	0.25827
1.5528	0.44444	0.35794	0.31034	0.27804	0.25756
1.61067	0.43033	0.34533	0.29812	0.26764	0.24653
1.61807	0.42856	0.34374	0.2966	0.26633	0.2451
1.65504	0.41984	0.33584	0.2892	0.25975	0.23783
1.72899	0.40301	0.32018	0.27534	0.24608	0.22342
1.76596	0.39495	0.31238	0.26873	0.23895	0.21669
1.77828	0.39233	0.30977	0.26655	0.23661	0.21453
1.78882	0.39012	0.30755	0.26469	0.23465	0.21273
1.8054	0.3867	0.30405	0.26176	0.23166	0.20995
1.87442	0.37326	0.29011	0.24971	0.2206	0.19916
1.9459	0.36059	0.27842	0.23861	0.21127	0.18922
1.95329	0.35934	0.27739	0.23759	0.21037	0.18827
1.95576	0.35893	0.27705	0.23726	0.21008	0.18795
2.00621	0.35062	0.27062	0.23103	0.20417	0.18185
2.07654	0.33942	0.26236	0.22315	0.19611	0.17427
2.12337	0.33217	0.25686	0.21767	0.19059	0.16972
2.14556	0.32878	0.25417	0.21486	0.18796	0.16769
2.15542	0.32729	0.25294	0.21358	0.1868	0.16681
2.24845	0.31358	0.24047	0.20122	0.1768	0.15917
2.25155	0.31313	0.24004	0.20082	0.17651	0.15894
2.29099	0.30754	0.23466	0.19611	0.17305	0.15605
2.32056	0.30345	0.23077	0.19307	0.17068	0.15397
2.35507	0.2988	0.22648	0.19001	0.16807	0.15163
2.43888	0.28819	0.21726	0.18337	0.16199	0.146
2.44135	0.28789	0.21701	0.18316	0.16181	0.14583
2.49689	0.28148	0.21156	0.17813	0.15763	0.14187
2.50543	0.28054	0.21075	0.17733	0.15698	0.14123
2.58184	0.27262	0.20383	0.17063	0.151	0.13525
2.5917	0.27164	0.20297	0.16989	0.15023	0.13447
2.60649	0.27021	0.20169	0.16883	0.14907	0.13331
2.68784	0.26259	0.1949	0.16376	0.14308	0.12752
2.73713	0.2581	0.191	0.16083	0.13987	0.12481
2.74699	0.2572	0.19025	0.16022	0.13928	0.12434
2.75155	0.25679	0.1899	0.15993	0.139	0.12412
2.81355	0.25114	0.18533	0.15588	0.13547	0.12146
2.85545	0.2473	0.18243	0.15309	0.13318	0.11968
2.88749	0.24436	0.18031	0.15103	0.13142	0.11816
2.90475	0.24277	0.1792	0.14999	0.13046	0.11728
2.99379	0.23457	0.1737	0.14537	0.12489	0.11226
2.99595	0.23437	0.17357	0.14527	0.12475	0.11213
2.99841	0.23414	0.17342	0.14515	0.12458	0.11198
3.00088	0.23391	0.17327	0.14504	0.12441	0.11184

